7 at (222.15390309173472, 240.0)

19 at (362.1539030917347, 320.0)

17 at (222.15390309173472, 320.0)

9 at (362.1539030917347, 240.0)

18 at (292.1539030917347, 355.0)

8 at (292.1539030917347, 205.0)

16 at (152.87187078897966, 360.0)

29 at (292.87187078897966, 440.0)

27 at (152.87187078897966, 440.0)

18 at (292.87187078897966, 360.0)   già messo

28 at (222.87187078897966, 475.0)

17 at (222.87187078897966, 325.0) già

28 at (222.15390309173472, 480.0) già

40 at (362.1539030917347, 560.0)

38 at (222.15390309173472, 560.0)

30 at (362.1539030917347, 480.0)

39 at (292.1539030917347, 595.0)

29 at (292.1539030917347, 445.0)

39 at (291.43593539448983, 600.0)   già

49 at (431.43593539448983, 680.0)

47 at (291.43593539448983, 680.0)

41 at (431.43593539448983, 600.0)

48 at (361.43593539448983, 715.0)

40 at (361.43593539448983, 565.0)

41 at (430.0, 600.0)    già

51 at (570.0, 680.0)

49 at (430.0, 680.0)    già

43 at (570.0, 600.0)

50 at (500.0, 715.0)

42 at (500.0, 565.0)

43 at (568.5640646055101, 600.0)    già

53 at (708.5640646055101, 680.0)

51 at (568.5640646055101, 680.0)    già

45 at (708.5640646055101, 600.0)

52 at (638.5640646055101, 715.0)

44 at (638.5640646055101, 565.0)

34 at (637.8460969082653, 480.0)

46 at (777.8460969082653, 560.0)

44 at (637.8460969082653, 560.0)

36 at (777.8460969082653, 480.0)

45 at (707.8460969082653, 595.0)

35 at (707.8460969082653, 445.0)

24 at (707.1281292110203, 360.0)

37 at (847.1281292110203, 440.0)

35 at (707.1281292110203, 440.0)

26 at (847.1281292110203, 360.0)

36 at (777.1281292110203, 475.0)

25 at (777.1281292110203, 325.0)

13 at (637.8460969082653, 240.0)

25 at (777.8460969082653, 320.0)

23 at (637.8460969082653, 320.0)

15 at (777.8460969082653, 240.0)

24 at (707.8460969082653, 355.0)

14 at (707.8460969082653, 205.0)

4 at (568.5640646055101, 120.0)

14 at (708.5640646055101, 200.0)

12 at (568.5640646055101, 200.0)

6 at (708.5640646055101, 120.0)

13 at (638.5640646055101, 235.0)

5 at (638.5640646055101, 85.0)

2 at (430.0, 120.0)

12 at (570.0, 200.0)

10 at (430.0, 200.0)

4 at (570.0, 120.0)

11 at (500.0, 235.0)

3 at (500.0, 85.0)

0 at (291.43593539448983, 120.0)

10 at (431.43593539448983, 200.0)

8 at (291.43593539448983, 200.0)

2 at (431.43593539448983, 120.0)

9 at (361.43593539448983, 235.0)

1 at (361.43593539448983, 85.0)

18 at (291.43593539448983, 360.0)

31 at (431.43593539448983, 440.0)

29 at (291.43593539448983, 440.0)

20 at (431.43593539448983, 360.0)

30 at (361.43593539448983, 475.0)

19 at (361.43593539448983, 325.0)

30 at (360.71796769724494, 480.0)

42 at (500.71796769724494, 560.0)

40 at (360.71796769724494, 560.0)

32 at (500.71796769724494, 480.0)

41 at (430.71796769724494, 595.0)

31 at (430.71796769724494, 445.0)

32 at (499.28203230275506, 480.0)

44 at (639.282032302755, 560.0)

42 at (499.28203230275506, 560.0)

34 at (639.282032302755, 480.0)

43 at (569.282032302755, 595.0)

33 at (569.282032302755, 445.0)

22 at (568.5640646055101, 360.0)

35 at (708.5640646055101, 440.0)

33 at (568.5640646055101, 440.0)

24 at (708.5640646055101, 360.0)

34 at (638.5640646055101, 475.0)

23 at (638.5640646055101, 325.0)

11 at (499.28203230275506, 240.0)

23 at (639.282032302755, 320.0)

21 at (499.28203230275506, 320.0)

13 at (639.282032302755, 240.0)

22 at (569.282032302755, 355.0)

12 at (569.282032302755, 205.0)

9 at (360.71796769724494, 240.0)

21 at (500.71796769724494, 320.0)

19 at (360.71796769724494, 320.0)

11 at (500.71796769724494, 240.0)

20 at (430.71796769724494, 355.0)

10 at (430.71796769724494, 205.0)

20 at (430.0, 360.0)

33 at (570.0, 440.0)

31 at (430.0, 440.0)

22 at (570.0, 360.0)

32 at (500.0, 475.0)

21 at (500.0, 325.0)

